id
0
116910273
87124066
